#!ascii label  , from subject fsaverage vox2ras=TkReg coords=white
585
45  -38.684  -27.386  49.089 0.0000000000
230  -43.539  -31.655  58.339 0.0000000000
374  -39.669  -28.861  61.102 0.0000000000
710  -45.936  -29.771  55.802 0.0000000000
850  -43.000  -25.082  54.141 0.0000000000
851  -43.520  -22.097  51.654 0.0000000000
862  -39.454  -28.403  54.869 0.0000000000
863  -42.605  -25.475  60.320 0.0000000000
1023  -45.879  -20.195  46.624 0.0000000000
1447  -34.773  -27.151  46.440 0.0000000000
1816  -43.809  -20.382  49.033 0.0000000000
1831  -42.640  -28.924  62.732 0.0000000000
1832  -45.695  -26.444  60.311 0.0000000000
2770  -40.984  -26.475  51.488 0.0000000000
2771  -41.616  -25.051  50.289 0.0000000000
2782  -39.185  -27.899  51.961 0.0000000000
2783  -41.408  -26.951  54.560 0.0000000000
3988  -41.208  -22.315  47.911 0.0000000000
3989  -43.369  -21.080  50.283 0.0000000000
3990  -41.082  -21.424  46.797 0.0000000000
3991  -41.524  -20.995  45.482 0.0000000000
4024  -41.171  -28.183  62.965 0.0000000000
4025  -44.226  -23.749  59.818 0.0000000000
4026  -44.346  -25.267  61.388 0.0000000000
4027  -46.009  -23.817  60.450 0.0000000000
4028  -47.077  -25.249  59.060 0.0000000000
5884  -44.881  -30.798  56.972 0.0000000000
6138  -43.563  -23.420  52.948 0.0000000000
6139  -41.485  -23.550  49.058 0.0000000000
6158  -39.610  -28.709  58.020 0.0000000000
6159  -41.107  -27.181  60.586 0.0000000000
6160  -41.376  -27.027  57.779 0.0000000000
6161  -43.006  -25.262  57.437 0.0000000000
7213  -36.464  -27.785  47.138 0.0000000000
8079  -44.586  -20.110  47.843 0.0000000000
8080  -42.622  -21.155  44.100 0.0000000000
8121  -43.294  -30.272  60.647 0.0000000000
8122  -42.701  -26.682  62.261 0.0000000000
8123  -44.144  -27.656  61.526 0.0000000000
8124  -44.697  -29.209  59.322 0.0000000000
8125  -46.010  -28.169  58.070 0.0000000000
8126  -47.201  -27.092  56.791 0.0000000000
10450  -39.751  -27.020  50.155 0.0000000000
10460  -37.689  -28.022  49.196 0.0000000000
10462  -38.841  -27.704  50.369 0.0000000000
10463  -40.094  -27.247  51.684 0.0000000000
11669  -41.113  -21.813  47.382 0.0000000000
11704  -40.407  -28.321  62.254 0.0000000000
11705  -44.914  -22.832  59.428 0.0000000000
11706  -45.112  -23.585  60.421 0.0000000000
11707  -45.830  -22.782  59.918 0.0000000000
11708  -46.652  -23.107  59.860 0.0000000000
13645  -45.454  -30.307  56.443 0.0000000000
14065  -43.707  -24.217  55.501 0.0000000000
14066  -44.069  -23.309  54.995 0.0000000000
14067  -43.383  -24.260  53.558 0.0000000000
14069  -41.646  -24.284  49.646 0.0000000000
14102  -39.615  -28.533  56.509 0.0000000000
14103  -40.492  -27.861  57.925 0.0000000000
14104  -40.523  -27.806  56.337 0.0000000000
14105  -42.303  -26.031  54.371 0.0000000000
14106  -42.361  -26.184  56.009 0.0000000000
14107  -43.060  -25.254  55.726 0.0000000000
14108  -43.703  -24.250  57.236 0.0000000000
14583  -46.829  -19.488  48.371 0.0000000000
15865  -35.549  -27.652  46.554 0.0000000000
17718  -44.301  -21.789  53.679 0.0000000000
17720  -44.291  -21.232  52.948 0.0000000000
17721  -43.544  -20.672  49.679 0.0000000000
17722  -44.465  -20.327  51.478 0.0000000000
17723  -44.760  -19.993  50.799 0.0000000000
17725  -45.214  -19.705  50.180 0.0000000000
17726  -45.675  -19.614  49.592 0.0000000000
17727  -44.172  -20.197  48.451 0.0000000000
17729  -41.976  -20.985  44.765 0.0000000000
17829  -43.071  -29.548  61.813 0.0000000000
17830  -41.851  -26.304  60.548 0.0000000000
17831  -41.900  -26.701  61.735 0.0000000000
17832  -42.649  -25.924  61.479 0.0000000000
17833  -45.152  -25.731  61.151 0.0000000000
17834  -44.315  -26.433  61.694 0.0000000000
17835  -44.953  -27.138  60.892 0.0000000000
17836  -44.504  -28.443  60.454 0.0000000000
17837  -45.251  -27.890  59.868 0.0000000000
17838  -45.386  -28.738  58.638 0.0000000000
17839  -45.967  -27.305  59.256 0.0000000000
17840  -47.716  -24.695  58.368 0.0000000000
17841  -47.224  -26.105  58.052 0.0000000000
17842  -47.810  -25.636  57.268 0.0000000000
23416  -42.071  -25.847  52.781 0.0000000000
23417  -42.419  -25.133  52.115 0.0000000000
23418  -41.417  -25.804  50.861 0.0000000000
23438  -39.381  -28.136  53.420 0.0000000000
23439  -40.498  -27.671  54.790 0.0000000000
23440  -40.327  -27.500  53.191 0.0000000000
23441  -41.241  -26.749  52.995 0.0000000000
23727  -44.948  -20.890  44.791 0.0000000000
25608  -42.419  -22.255  49.721 0.0000000000
25609  -43.464  -21.565  50.995 0.0000000000
25610  -42.318  -21.700  49.106 0.0000000000
25611  -42.287  -21.309  48.499 0.0000000000
25612  -42.396  -20.959  47.885 0.0000000000
25613  -42.672  -20.716  47.322 0.0000000000
25614  -41.267  -21.128  46.190 0.0000000000
25674  -41.915  -28.400  63.173 0.0000000000
25675  -43.468  -24.610  60.074 0.0000000000
25676  -43.467  -25.122  61.167 0.0000000000
25677  -44.270  -24.328  60.770 0.0000000000
25678  -45.185  -24.538  60.959 0.0000000000
25679  -45.929  -25.059  60.573 0.0000000000
25680  -46.421  -25.831  59.709 0.0000000000
25681  -46.654  -24.394  59.970 0.0000000000
25682  -47.318  -23.789  59.319 0.0000000000
29086  -44.259  -31.236  57.697 0.0000000000
29677  -44.229  -22.488  54.332 0.0000000000
29678  -43.538  -22.690  52.255 0.0000000000
29679  -42.691  -24.290  51.548 0.0000000000
29680  -42.695  -23.500  50.995 0.0000000000
29681  -42.573  -22.878  50.337 0.0000000000
29682  -41.401  -22.908  48.505 0.0000000000
29726  -39.696  -28.761  59.616 0.0000000000
29727  -40.439  -28.076  60.777 0.0000000000
29728  -40.434  -27.885  59.369 0.0000000000
29729  -41.198  -27.026  59.280 0.0000000000
29730  -41.967  -26.191  59.126 0.0000000000
29731  -41.416  -27.043  56.107 0.0000000000
29732  -42.197  -26.150  57.606 0.0000000000
29733  -42.796  -25.274  58.993 0.0000000000
29734  -43.572  -24.372  58.777 0.0000000000
29735  -44.253  -23.404  58.492 0.0000000000
32191  -37.588  -27.659  48.010 0.0000000000
32246  -36.640  -28.218  48.251 0.0000000000
34539  -44.357  -20.765  52.193 0.0000000000
34546  -46.240  -19.507  49.017 0.0000000000
34547  -45.222  -20.095  47.256 0.0000000000
34548  -43.022  -20.580  46.636 0.0000000000
34549  -43.503  -20.599  45.971 0.0000000000
34550  -44.219  -20.767  45.333 0.0000000000
34551  -43.224  -21.342  43.470 0.0000000000
34671  -43.382  -31.004  59.408 0.0000000000
34672  -41.172  -27.526  61.933 0.0000000000
34673  -41.919  -27.362  62.632 0.0000000000
34674  -42.681  -27.720  62.657 0.0000000000
34675  -43.507  -25.986  61.940 0.0000000000
34676  -43.513  -27.052  62.216 0.0000000000
34677  -43.373  -28.277  62.064 0.0000000000
34678  -43.745  -28.960  61.055 0.0000000000
34679  -43.968  -29.765  59.932 0.0000000000
34680  -44.150  -30.598  58.748 0.0000000000
34681  -44.799  -30.040  58.121 0.0000000000
34682  -45.414  -29.545  57.485 0.0000000000
34683  -46.023  -28.988  56.879 0.0000000000
34684  -46.586  -26.732  58.604 0.0000000000
34685  -46.617  -27.595  57.389 0.0000000000
34686  -46.542  -28.497  56.257 0.0000000000
41170  -39.232  -27.217  49.644 0.0000000000
41171  -39.464  -26.915  49.354 0.0000000000
41172  -38.903  -27.107  48.829 0.0000000000
41180  -38.128  -27.737  49.092 0.0000000000
41181  -38.262  -27.873  49.763 0.0000000000
41182  -38.758  -27.545  49.723 0.0000000000
41183  -39.338  -27.361  50.277 0.0000000000
42424  -40.037  -28.559  61.702 0.0000000000
42425  -45.252  -22.410  59.234 0.0000000000
42426  -45.372  -22.754  59.741 0.0000000000
42427  -45.681  -22.317  59.551 0.0000000000
42428  -46.129  -22.388  59.709 0.0000000000
44365  -45.699  -30.021  56.113 0.0000000000
44785  -43.374  -24.676  54.811 0.0000000000
44786  -43.536  -24.225  54.499 0.0000000000
44787  -43.177  -24.672  53.794 0.0000000000
44822  -39.488  -28.528  55.631 0.0000000000
44823  -40.029  -28.219  56.368 0.0000000000
44824  -39.996  -28.159  55.542 0.0000000000
44825  -42.682  -25.560  54.277 0.0000000000
44826  -42.753  -25.654  55.049 0.0000000000
44827  -43.104  -25.132  54.989 0.0000000000
44828  -43.472  -24.686  55.701 0.0000000000
45303  -46.412  -19.814  47.521 0.0000000000
46585  -35.151  -27.445  46.447 0.0000000000
46586  -35.308  -27.181  46.194 0.0000000000
46587  -34.889  -26.920  46.175 0.0000000000
46627  -34.609  -27.465  46.553 0.0000000000
46628  -35.091  -27.739  46.713 0.0000000000
48438  -43.922  -21.941  52.666 0.0000000000
48439  -44.276  -21.521  53.280 0.0000000000
48440  -43.903  -21.682  52.303 0.0000000000
48441  -43.676  -20.511  49.345 0.0000000000
48442  -44.141  -20.336  50.233 0.0000000000
48443  -44.347  -20.164  49.926 0.0000000000
48444  -44.990  -19.827  50.511 0.0000000000
48445  -44.527  -20.033  49.624 0.0000000000
48446  -44.724  -19.965  49.319 0.0000000000
48447  -44.011  -20.265  48.761 0.0000000000
48549  -42.882  -29.226  62.358 0.0000000000
48550  -42.212  -25.849  60.449 0.0000000000
48551  -42.216  -26.032  61.079 0.0000000000
48552  -42.583  -25.620  60.958 0.0000000000
48553  -45.456  -26.072  60.764 0.0000000000
48554  -45.083  -26.370  61.060 0.0000000000
48555  -45.340  -26.724  60.619 0.0000000000
48556  -45.114  -27.538  60.384 0.0000000000
48557  -45.513  -27.148  60.093 0.0000000000
48558  -45.604  -27.585  59.519 0.0000000000
48559  -45.858  -26.860  59.803 0.0000000000
48560  -48.010  -24.383  58.066 0.0000000000
48561  -47.796  -25.184  57.825 0.0000000000
48562  -48.064  -24.998  57.464 0.0000000000
54385  -41.570  -26.179  52.153 0.0000000000
54386  -41.733  -25.830  51.767 0.0000000000
54387  -41.144  -26.145  51.093 0.0000000000
54422  -39.186  -28.068  52.545 0.0000000000
54423  -39.771  -27.851  53.221 0.0000000000
54424  -39.752  -27.707  52.560 0.0000000000
54425  -40.511  -26.910  51.514 0.0000000000
54426  -40.665  -27.019  52.322 0.0000000000
54427  -41.119  -26.617  52.209 0.0000000000
54428  -41.683  -26.312  52.877 0.0000000000
54903  -44.355  -21.204  43.738 0.0000000000
58038  -41.856  -22.320  48.828 0.0000000000
58039  -42.382  -21.995  49.427 0.0000000000
58040  -41.780  -22.037  48.503 0.0000000000
58041  -41.093  -21.605  47.107 0.0000000000
58042  -41.701  -21.572  47.937 0.0000000000
58043  -41.729  -21.371  47.653 0.0000000000
58044  -42.349  -21.122  48.201 0.0000000000
58045  -41.710  -21.193  47.333 0.0000000000
58046  -41.863  -21.025  47.065 0.0000000000
58047  -41.117  -21.267  46.475 0.0000000000
58149  -41.568  -28.256  63.173 0.0000000000
58150  -43.872  -24.155  59.936 0.0000000000
58151  -43.859  -24.401  60.506 0.0000000000
58152  -44.254  -24.011  60.305 0.0000000000
58153  -45.581  -23.661  60.494 0.0000000000
58154  -45.145  -23.989  60.730 0.0000000000
58155  -45.589  -24.185  60.695 0.0000000000
58156  -45.593  -24.757  60.851 0.0000000000
58157  -45.992  -24.431  60.540 0.0000000000
58158  -46.325  -24.728  60.272 0.0000000000
58159  -46.352  -24.065  60.270 0.0000000000
58160  -46.935  -22.770  59.580 0.0000000000
58161  -47.007  -23.422  59.638 0.0000000000
58162  -47.333  -23.083  59.357 0.0000000000
58163  -47.629  -23.491  58.982 0.0000000000
63970  -44.603  -31.054  57.310 0.0000000000
65233  -43.888  -23.349  53.990 0.0000000000
65234  -44.213  -22.862  54.714 0.0000000000
65235  -43.910  -22.989  53.612 0.0000000000
65236  -43.965  -22.587  53.347 0.0000000000
65237  -43.562  -23.063  52.615 0.0000000000
65238  -42.051  -25.101  51.183 0.0000000000
65239  -42.565  -24.692  51.859 0.0000000000
65240  -42.131  -24.694  50.902 0.0000000000
65241  -41.690  -23.869  49.434 0.0000000000
65242  -42.215  -23.882  50.355 0.0000000000
65243  -42.183  -23.544  50.032 0.0000000000
65244  -42.609  -23.218  50.609 0.0000000000
65245  -42.058  -23.229  49.706 0.0000000000
65246  -41.975  -22.899  49.406 0.0000000000
65247  -41.503  -23.206  48.813 0.0000000000
65342  -39.690  -28.752  58.803 0.0000000000
65343  -40.087  -28.344  59.497 0.0000000000
65344  -40.066  -28.301  58.759 0.0000000000
65345  -40.933  -27.450  57.809 0.0000000000
65346  -40.858  -27.432  58.609 0.0000000000
65347  -41.287  -27.045  58.506 0.0000000000
65348  -41.583  -26.626  59.155 0.0000000000
65349  -41.685  -26.612  58.456 0.0000000000
65350  -40.959  -27.284  54.668 0.0000000000
65351  -40.969  -27.376  55.441 0.0000000000
65352  -41.482  -26.987  55.373 0.0000000000
65353  -42.708  -25.720  56.726 0.0000000000
65354  -42.250  -26.191  56.785 0.0000000000
65355  -42.593  -25.749  57.469 0.0000000000
65356  -42.501  -25.706  58.321 0.0000000000
65357  -42.871  -25.285  58.151 0.0000000000
65358  -43.191  -24.842  58.827 0.0000000000
65359  -43.266  -24.819  58.120 0.0000000000
65360  -43.970  -23.748  57.082 0.0000000000
65361  -43.956  -23.806  57.898 0.0000000000
65362  -44.218  -23.324  57.721 0.0000000000
65363  -44.527  -22.912  58.351 0.0000000000
70630  -37.010  -27.746  47.550 0.0000000000
70631  -37.194  -27.519  47.234 0.0000000000
70632  -36.739  -27.564  46.861 0.0000000000
70760  -36.005  -28.026  47.239 0.0000000000
70762  -36.437  -28.020  47.564 0.0000000000
70763  -37.012  -27.948  48.070 0.0000000000
76196  -43.390  -21.328  50.631 0.0000000000
76197  -43.929  -21.178  51.600 0.0000000000
76198  -43.928  -20.931  51.271 0.0000000000
76213  -45.169  -19.858  48.713 0.0000000000
76214  -45.908  -19.565  49.277 0.0000000000
76215  -45.396  -19.836  48.429 0.0000000000
76216  -45.644  -19.816  48.107 0.0000000000
76217  -44.862  -20.095  47.521 0.0000000000
76218  -42.097  -20.845  46.414 0.0000000000
76219  -42.862  -20.623  47.004 0.0000000000
76220  -42.247  -20.805  46.064 0.0000000000
76221  -42.280  -21.053  44.412 0.0000000000
76222  -42.731  -20.813  45.353 0.0000000000
76223  -43.035  -20.881  45.015 0.0000000000
76224  -43.827  -20.684  45.626 0.0000000000
76225  -43.408  -20.971  44.693 0.0000000000
76226  -43.744  -21.043  44.442 0.0000000000
76227  -42.885  -21.241  43.771 0.0000000000
76524  -43.314  -30.648  60.027 0.0000000000
76525  -40.796  -27.592  60.764 0.0000000000
76526  -40.753  -27.755  61.324 0.0000000000
76527  -41.146  -27.308  61.307 0.0000000000
76528  -42.329  -26.664  62.101 0.0000000000
76529  -41.930  -27.020  62.185 0.0000000000
76530  -42.315  -27.012  62.444 0.0000000000
76531  -42.315  -27.531  62.722 0.0000000000
76532  -42.747  -27.136  62.571 0.0000000000
76533  -43.887  -25.107  61.338 0.0000000000
76534  -43.478  -25.495  61.587 0.0000000000
76535  -43.909  -25.616  61.672 0.0000000000
76536  -44.268  -27.035  61.661 0.0000000000
76537  -43.949  -26.735  61.968 0.0000000000
76538  -43.844  -27.333  61.938 0.0000000000
76539  -43.468  -27.642  62.200 0.0000000000
76540  -43.751  -27.909  61.851 0.0000000000
76541  -43.585  -28.599  61.577 0.0000000000
76542  -43.953  -28.319  61.307 0.0000000000
76543  -44.609  -28.846  59.897 0.0000000000
76544  -44.281  -29.074  60.151 0.0000000000
76545  -44.311  -29.529  59.613 0.0000000000
76546  -44.054  -30.135  59.368 0.0000000000
76547  -44.380  -29.920  59.044 0.0000000000
76548  -44.471  -30.273  58.474 0.0000000000
76549  -44.748  -29.653  58.706 0.0000000000
76550  -45.733  -28.447  58.342 0.0000000000
76551  -45.412  -29.166  58.032 0.0000000000
76552  -45.730  -28.839  57.803 0.0000000000
76553  -45.729  -29.241  57.246 0.0000000000
76554  -46.014  -28.572  57.463 0.0000000000
76555  -46.774  -25.540  59.368 0.0000000000
76556  -46.532  -26.271  59.196 0.0000000000
76557  -46.888  -25.972  58.847 0.0000000000
76558  -47.249  -26.608  57.435 0.0000000000
76559  -46.934  -26.877  57.697 0.0000000000
76560  -46.903  -27.327  57.101 0.0000000000
76561  -46.598  -28.078  56.807 0.0000000000
76562  -46.859  -27.775  56.515 0.0000000000
92536  -40.382  -26.751  50.825 0.0000000000
92537  -40.544  -26.462  50.464 0.0000000000
92538  -40.017  -26.703  49.888 0.0000000000
92554  -37.194  -28.314  49.279 0.0000000000
92556  -37.764  -28.172  49.828 0.0000000000
92557  -38.469  -27.979  50.542 0.0000000000
92558  -39.064  -27.797  51.148 0.0000000000
92559  -39.603  -27.611  51.719 0.0000000000
92560  -39.507  -27.461  51.075 0.0000000000
92561  -39.918  -27.157  50.861 0.0000000000
94729  -41.108  -22.050  47.603 0.0000000000
94794  -40.773  -28.191  62.642 0.0000000000
94795  -44.564  -23.320  59.581 0.0000000000
94796  -44.627  -23.599  60.206 0.0000000000
94797  -44.984  -23.185  59.953 0.0000000000
94798  -45.474  -23.172  60.227 0.0000000000
94799  -45.878  -23.277  60.271 0.0000000000
94800  -46.268  -23.457  60.194 0.0000000000
94801  -46.259  -22.896  59.965 0.0000000000
94802  -46.538  -22.542  59.697 0.0000000000
98287  -45.181  -30.542  56.695 0.0000000000
99045  -43.906  -23.745  55.274 0.0000000000
99046  -43.754  -23.789  54.290 0.0000000000
99047  -43.491  -23.849  53.209 0.0000000000
99049  -41.673  -24.636  49.986 0.0000000000
99110  -39.611  -28.640  57.234 0.0000000000
99111  -40.043  -28.281  57.940 0.0000000000
99112  -40.069  -28.245  57.209 0.0000000000
99113  -40.551  -27.844  57.120 0.0000000000
99114  -40.987  -27.429  57.086 0.0000000000
99115  -41.922  -26.540  54.480 0.0000000000
99116  -41.906  -26.586  55.262 0.0000000000
99117  -42.321  -26.178  55.151 0.0000000000
99118  -42.698  -25.766  55.845 0.0000000000
99119  -43.084  -25.290  56.596 0.0000000000
99120  -43.353  -24.816  57.262 0.0000000000
99121  -43.382  -24.767  56.471 0.0000000000
99122  -43.750  -24.188  56.416 0.0000000000
102283  -35.953  -27.762  46.752 0.0000000000
102284  -36.236  -27.528  46.538 0.0000000000
102285  -35.779  -27.395  46.322 0.0000000000
102362  -35.572  -27.933  46.967 0.0000000000
105623  -43.438  -20.882  49.971 0.0000000000
105624  -43.917  -20.707  50.887 0.0000000000
105625  -44.025  -20.524  50.564 0.0000000000
105626  -44.593  -20.148  51.139 0.0000000000
105633  -45.453  -19.627  49.893 0.0000000000
105634  -44.922  -19.937  49.015 0.0000000000
105635  -44.382  -20.122  48.143 0.0000000000
105637  -41.777  -20.970  45.182 0.0000000000
105819  -43.205  -29.916  61.220 0.0000000000
105820  -41.528  -26.708  60.610 0.0000000000
105821  -41.478  -26.923  61.162 0.0000000000
105822  -41.901  -26.459  61.173 0.0000000000
105823  -42.266  -26.321  61.618 0.0000000000
105824  -42.675  -26.295  61.960 0.0000000000
105825  -44.771  -25.474  61.336 0.0000000000
105826  -44.358  -25.820  61.628 0.0000000000
105827  -44.766  -26.087  61.404 0.0000000000
105828  -44.663  -26.700  61.417 0.0000000000
105829  -44.522  -27.397  61.239 0.0000000000
105830  -44.362  -28.031  61.013 0.0000000000
105831  -44.745  -27.787  60.721 0.0000000000
105832  -44.877  -28.178  60.162 0.0000000000
105833  -44.963  -28.525  59.617 0.0000000000
105834  -45.027  -28.937  59.051 0.0000000000
105835  -45.341  -28.276  59.280 0.0000000000
105836  -45.675  -28.024  58.934 0.0000000000
105837  -46.006  -27.743  58.665 0.0000000000
105838  -47.408  -24.936  58.720 0.0000000000
105839  -47.171  -25.664  58.576 0.0000000000
105840  -47.502  -25.413  58.198 0.0000000000
105841  -47.530  -25.856  57.655 0.0000000000
105842  -47.516  -26.334  57.069 0.0000000000
116074  -42.561  -25.471  53.461 0.0000000000
116075  -42.788  -25.094  53.141 0.0000000000
116076  -42.301  -25.506  52.475 0.0000000000
116077  -41.930  -25.487  51.487 0.0000000000
116078  -41.490  -25.466  50.533 0.0000000000
116126  -39.470  -28.308  54.186 0.0000000000
116127  -40.006  -28.046  54.845 0.0000000000
116128  -39.939  -27.942  54.106 0.0000000000
116129  -40.383  -27.576  53.947 0.0000000000
116130  -40.924  -27.260  53.946 0.0000000000
116131  -40.177  -27.392  52.374 0.0000000000
116132  -40.823  -27.110  53.123 0.0000000000
116133  -41.413  -26.829  53.816 0.0000000000
116134  -41.788  -26.406  53.681 0.0000000000
116135  -42.191  -25.990  53.516 0.0000000000
116799  -45.404  -20.560  45.690 0.0000000000
121188  -42.960  -22.243  50.621 0.0000000000
121189  -43.393  -21.857  51.238 0.0000000000
121190  -42.905  -21.954  50.305 0.0000000000
121191  -42.918  -21.673  50.040 0.0000000000
121192  -42.848  -21.423  49.698 0.0000000000
121193  -41.702  -21.800  48.207 0.0000000000
121194  -42.293  -21.517  48.801 0.0000000000
121195  -42.887  -21.204  49.402 0.0000000000
121196  -42.899  -21.006  49.079 0.0000000000
121197  -42.986  -20.871  48.765 0.0000000000
121198  -43.114  -20.682  48.465 0.0000000000
121199  -43.255  -20.542  48.167 0.0000000000
121200  -42.509  -20.803  47.593 0.0000000000
121201  -41.957  -20.928  46.743 0.0000000000
121202  -41.390  -21.045  45.852 0.0000000000
121344  -42.318  -28.668  62.999 0.0000000000
121345  -42.997  -25.040  60.192 0.0000000000
121346  -43.021  -25.258  60.799 0.0000000000
121347  -43.440  -24.815  60.686 0.0000000000
121348  -43.852  -24.757  60.932 0.0000000000
121349  -44.313  -24.790  61.101 0.0000000000
121350  -44.683  -23.952  60.580 0.0000000000
121351  -44.725  -24.394  60.916 0.0000000000
121352  -44.784  -24.894  61.185 0.0000000000
121353  -45.215  -25.106  61.098 0.0000000000
121354  -45.583  -25.378  60.863 0.0000000000
121355  -45.894  -25.721  60.477 0.0000000000
121356  -46.076  -26.161  59.988 0.0000000000
121357  -46.209  -25.425  60.181 0.0000000000
121358  -46.596  -25.132  59.838 0.0000000000
121359  -46.912  -24.800  59.560 0.0000000000
121360  -46.639  -23.696  60.019 0.0000000000
121361  -46.980  -24.024  59.706 0.0000000000
121362  -47.226  -24.470  59.239 0.0000000000
121363  -47.561  -24.178  58.893 0.0000000000
121364  -47.856  -23.919  58.550 0.0000000000
129412  -43.963  -31.429  58.020 0.0000000000
131016  -44.311  -22.119  54.040 0.0000000000
131017  -43.918  -22.255  52.973 0.0000000000
131018  -43.512  -22.380  51.978 0.0000000000
131019  -42.896  -24.736  52.764 0.0000000000
131020  -43.042  -24.280  52.524 0.0000000000
131021  -43.163  -23.852  52.272 0.0000000000
131022  -42.187  -24.301  50.603 0.0000000000
131023  -42.680  -23.929  51.232 0.0000000000
131024  -43.124  -23.529  51.859 0.0000000000
131025  -43.144  -23.114  51.627 0.0000000000
131026  -43.071  -22.816  51.286 0.0000000000
131027  -43.090  -22.488  51.002 0.0000000000
131028  -42.467  -22.595  49.997 0.0000000000
131029  -41.912  -22.588  49.112 0.0000000000
131030  -41.305  -22.611  48.203 0.0000000000
131150  -39.708  -28.822  60.359 0.0000000000
131151  -40.110  -28.471  61.091 0.0000000000
131152  -40.099  -28.403  60.222 0.0000000000
131153  -40.450  -27.939  60.164 0.0000000000
131154  -40.791  -27.483  60.002 0.0000000000
131155  -40.420  -27.930  58.574 0.0000000000
131156  -40.782  -27.530  59.253 0.0000000000
131157  -41.137  -27.127  59.922 0.0000000000
131158  -41.531  -26.644  59.931 0.0000000000
131159  -41.892  -26.180  59.836 0.0000000000
131160  -42.269  -25.785  59.760 0.0000000000
131161  -40.511  -27.769  55.497 0.0000000000
131162  -41.015  -27.471  56.217 0.0000000000
131163  -41.393  -27.046  56.964 0.0000000000
131164  -41.883  -26.621  56.069 0.0000000000
131165  -41.856  -26.631  56.837 0.0000000000
131166  -41.757  -26.625  57.693 0.0000000000
131167  -42.076  -26.185  58.357 0.0000000000
131168  -42.353  -25.740  59.018 0.0000000000
131169  -42.661  -25.366  59.630 0.0000000000
131170  -43.124  -24.895  59.569 0.0000000000
131171  -43.523  -24.440  59.450 0.0000000000
131172  -43.883  -24.019  59.339 0.0000000000
131173  -43.637  -24.342  57.951 0.0000000000
131174  -43.936  -23.908  58.609 0.0000000000
131175  -44.235  -23.565  59.166 0.0000000000
131176  -44.568  -23.080  58.997 0.0000000000
131177  -44.858  -22.617  58.824 0.0000000000
137845  -38.113  -27.536  48.514 0.0000000000
137846  -38.281  -27.295  48.225 0.0000000000
137847  -37.736  -27.425  47.716 0.0000000000
138006  -36.647  -28.412  48.759 0.0000000000
138007  -37.161  -28.141  48.705 0.0000000000
138008  -37.597  -27.852  48.597 0.0000000000
144645  -43.836  -21.445  51.876 0.0000000000
144646  -44.305  -20.980  52.549 0.0000000000
144648  -44.422  -20.534  51.851 0.0000000000
144669  -46.512  -19.495  48.702 0.0000000000
144670  -46.099  -19.784  47.883 0.0000000000
144671  -45.539  -20.136  46.926 0.0000000000
144672  -43.445  -20.447  47.903 0.0000000000
144673  -43.619  -20.381  47.586 0.0000000000
144674  -43.812  -20.348  47.233 0.0000000000
144675  -42.529  -20.777  45.737 0.0000000000
144676  -43.277  -20.574  46.314 0.0000000000
144677  -44.028  -20.361  46.902 0.0000000000
144678  -44.379  -20.356  46.621 0.0000000000
144679  -44.719  -20.421  46.329 0.0000000000
144680  -45.042  -20.491  46.004 0.0000000000
144681  -44.555  -20.836  45.034 0.0000000000
144682  -44.092  -21.120  44.135 0.0000000000
144683  -43.600  -21.434  43.159 0.0000000000
145041  -43.486  -31.371  58.833 0.0000000000
145042  -40.422  -28.141  61.606 0.0000000000
145043  -40.784  -27.944  62.070 0.0000000000
145044  -41.180  -27.813  62.540 0.0000000000
145045  -41.533  -27.104  61.847 0.0000000000
145046  -41.550  -27.402  62.331 0.0000000000
145047  -41.563  -27.799  62.802 0.0000000000
145048  -41.952  -27.906  62.868 0.0000000000
145049  -42.369  -28.080  62.898 0.0000000000
145050  -42.724  -28.327  62.779 0.0000000000
145051  -43.049  -25.493  61.385 0.0000000000
145052  -43.085  -25.904  61.770 0.0000000000
145053  -43.127  -26.383  62.090 0.0000000000
145054  -43.940  -26.197  61.872 0.0000000000
145055  -43.572  -26.537  62.090 0.0000000000
145056  -43.095  -26.787  62.333 0.0000000000
145057  -43.135  -27.396  62.409 0.0000000000
145058  -43.074  -27.959  62.434 0.0000000000
145059  -42.998  -28.606  62.441 0.0000000000
145060  -43.276  -28.933  61.971 0.0000000000
145061  -43.423  -29.284  61.389 0.0000000000
145062  -43.529  -29.638  60.842 0.0000000000
145063  -44.143  -28.708  60.744 0.0000000000
145064  -43.872  -29.390  60.495 0.0000000000
145065  -43.619  -30.028  60.252 0.0000000000
145066  -43.667  -30.408  59.669 0.0000000000
145067  -43.750  -30.766  59.092 0.0000000000
145068  -43.851  -31.118  58.522 0.0000000000
145069  -44.197  -30.929  58.211 0.0000000000
145070  -44.552  -30.672  57.917 0.0000000000
145071  -44.850  -30.415  57.545 0.0000000000
145072  -45.078  -29.403  58.421 0.0000000000
145073  -45.161  -29.811  57.817 0.0000000000
145074  -45.199  -30.182  57.249 0.0000000000
145075  -45.443  -29.942  56.953 0.0000000000
145076  -45.725  -29.631  56.673 0.0000000000
145077  -46.002  -29.390  56.334 0.0000000000
145078  -46.200  -26.594  59.454 0.0000000000
145079  -46.283  -27.008  58.905 0.0000000000
145080  -46.327  -27.470  58.288 0.0000000000
145081  -46.943  -26.422  58.280 0.0000000000
145082  -46.616  -27.172  58.002 0.0000000000
145083  -46.337  -27.906  57.698 0.0000000000
145084  -46.333  -28.341  57.119 0.0000000000
145085  -46.286  -28.727  56.569 0.0000000000
145086  -46.285  -29.153  56.071 0.0000000000
