#!ascii label  , from subject fsaverage vox2ras=TkReg coords=white
259
107  48.844  -16.536  49.060 0.0000000000
489  48.397  -21.955  57.586 0.0000000000
1065  52.769  -19.289  48.068 0.0000000000
1066  52.900  -17.365  51.699 0.0000000000
2113  49.237  -16.906  54.928 0.0000000000
2984  50.955  -15.640  48.909 0.0000000000
2985  53.159  -15.893  50.316 0.0000000000
2986  51.464  -15.688  51.180 0.0000000000
4648  46.870  -22.395  59.239 0.0000000000
4650  47.205  -19.678  58.005 0.0000000000
4651  47.285  -17.701  55.692 0.0000000000
4652  49.045  -19.130  56.895 0.0000000000
4653  50.623  -18.949  54.955 0.0000000000
6525  53.301  -18.389  50.082 0.0000000000
8896  46.412  -17.414  49.244 0.0000000000
8904  46.885  -16.941  52.482 0.0000000000
8905  49.182  -16.182  52.140 0.0000000000
8906  51.341  -16.851  53.416 0.0000000000
10664  49.947  -16.039  49.023 0.0000000000
10665  51.338  -15.522  50.128 0.0000000000
10666  50.260  -15.878  50.272 0.0000000000
12328  47.659  -22.107  58.449 0.0000000000
12329  47.030  -20.926  58.644 0.0000000000
12330  47.906  -20.653  58.068 0.0000000000
12331  48.102  -19.296  57.592 0.0000000000
12332  48.742  -20.465  57.397 0.0000000000
12333  49.478  -20.328  56.428 0.0000000000
12334  48.995  -21.789  56.633 0.0000000000
14712  53.116  -16.572  51.084 0.0000000000
14713  53.543  -17.025  50.431 0.0000000000
14714  53.241  -17.843  50.956 0.0000000000
19652  53.337  -18.469  47.796 0.0000000000
19687  43.733  -18.386  46.865 0.0000000000
19688  45.132  -18.198  47.387 0.0000000000
19689  45.126  -17.724  48.949 0.0000000000
19708  48.230  -17.175  55.431 0.0000000000
19709  47.085  -17.118  54.015 0.0000000000
19710  48.151  -16.624  53.982 0.0000000000
19711  48.006  -16.542  52.452 0.0000000000
19712  49.279  -16.335  53.573 0.0000000000
19713  50.415  -16.160  52.995 0.0000000000
19714  50.284  -16.811  54.215 0.0000000000
19715  50.624  -20.267  54.140 0.0000000000
19716  51.313  -19.142  53.801 0.0000000000
23804  52.231  -15.355  49.830 0.0000000000
23805  52.415  -15.654  50.781 0.0000000000
23806  52.462  -16.283  51.684 0.0000000000
26802  47.266  -18.586  57.044 0.0000000000
26803  48.243  -18.091  56.707 0.0000000000
26804  49.171  -17.800  56.118 0.0000000000
26805  50.134  -17.762  55.200 0.0000000000
26806  49.896  -18.965  55.956 0.0000000000
26807  50.127  -20.267  55.336 0.0000000000
30580  53.635  -18.009  48.790 0.0000000000
30582  53.708  -17.538  49.664 0.0000000000
30583  53.079  -18.912  49.109 0.0000000000
36933  46.389  -17.923  47.596 0.0000000000
36934  47.722  -17.029  49.255 0.0000000000
36959  46.634  -17.069  50.963 0.0000000000
36960  47.871  -16.695  50.925 0.0000000000
36961  49.100  -16.296  50.646 0.0000000000
36962  50.407  -15.870  51.717 0.0000000000
36963  51.484  -16.084  52.368 0.0000000000
36964  52.185  -17.016  52.589 0.0000000000
36965  51.051  -17.887  54.264 0.0000000000
36966  51.856  -18.051  53.268 0.0000000000
41382  48.740  -16.720  48.340 0.0000000000
41383  49.275  -16.437  48.370 0.0000000000
41384  49.422  -16.283  49.061 0.0000000000
41385  50.097  -15.951  49.641 0.0000000000
41386  49.563  -16.181  49.693 0.0000000000
43048  48.034  -22.011  58.036 0.0000000000
43049  47.779  -21.361  58.283 0.0000000000
43050  48.195  -21.288  57.896 0.0000000000
43051  48.334  -20.580  57.758 0.0000000000
43052  48.549  -21.204  57.501 0.0000000000
43053  48.897  -21.124  57.079 0.0000000000
43054  48.695  -21.865  57.136 0.0000000000
45432  53.035  -16.975  51.393 0.0000000000
45433  53.268  -17.199  51.065 0.0000000000
45434  53.101  -17.607  51.342 0.0000000000
45435  53.023  -18.271  51.175 0.0000000000
45436  52.898  -18.014  51.586 0.0000000000
50372  53.057  -18.871  47.952 0.0000000000
50373  52.853  -19.038  47.437 0.0000000000
50374  52.546  -19.462  47.525 0.0000000000
50407  43.769  -18.126  47.663 0.0000000000
50408  44.473  -18.038  47.982 0.0000000000
50409  44.452  -17.875  48.702 0.0000000000
50428  48.732  -17.010  55.209 0.0000000000
50429  48.206  -16.862  54.713 0.0000000000
50430  48.708  -16.710  54.540 0.0000000000
50431  48.695  -16.488  53.810 0.0000000000
50432  49.233  -16.596  54.301 0.0000000000
50433  49.798  -16.483  53.970 0.0000000000
50434  49.743  -16.815  54.570 0.0000000000
55025  50.254  -16.016  48.315 0.0000000000
55029  51.421  -15.517  48.780 0.0000000000
55030  52.068  -15.336  49.264 0.0000000000
55031  51.625  -15.409  49.422 0.0000000000
55032  51.423  -15.573  50.635 0.0000000000
55033  51.904  -15.501  50.477 0.0000000000
55034  51.955  -15.658  50.973 0.0000000000
55035  52.449  -15.993  51.263 0.0000000000
55036  52.012  -15.898  51.466 0.0000000000
60020  46.473  -21.869  59.241 0.0000000000
60021  47.081  -20.292  58.364 0.0000000000
60022  46.664  -20.597  58.510 0.0000000000
60023  46.747  -19.998  58.119 0.0000000000
60025  46.849  -19.436  57.664 0.0000000000
60026  46.843  -18.926  57.100 0.0000000000
60027  47.250  -19.134  57.567 0.0000000000
60028  48.563  -19.186  57.273 0.0000000000
60029  48.229  -18.690  57.170 0.0000000000
60030  48.699  -18.540  56.880 0.0000000000
60031  48.726  -17.931  56.417 0.0000000000
60032  49.205  -18.489  56.510 0.0000000000
60033  49.605  -18.392  56.085 0.0000000000
60034  49.490  -19.032  56.441 0.0000000000
60036  49.809  -20.268  55.900 0.0000000000
67172  53.133  -15.628  49.861 0.0000000000
67175  53.494  -17.703  50.294 0.0000000000
67176  53.646  -17.271  50.034 0.0000000000
67177  53.513  -17.948  49.891 0.0000000000
67178  53.442  -18.193  49.423 0.0000000000
67179  53.202  -18.650  49.614 0.0000000000
82100  45.802  -17.817  48.355 0.0000000000
82101  45.770  -18.071  47.543 0.0000000000
82102  46.483  -17.637  48.501 0.0000000000
82103  47.107  -17.418  48.440 0.0000000000
82104  47.101  -17.246  49.284 0.0000000000
82158  46.870  -18.055  55.728 0.0000000000
82160  46.790  -17.710  54.893 0.0000000000
82161  46.970  -16.979  53.232 0.0000000000
82162  46.437  -17.251  53.160 0.0000000000
82163  46.341  -17.183  52.389 0.0000000000
82165  46.138  -17.190  51.571 0.0000000000
82166  46.003  -17.259  50.815 0.0000000000
82167  46.686  -16.993  51.668 0.0000000000
82168  48.588  -16.341  52.308 0.0000000000
82169  47.917  -16.606  51.681 0.0000000000
82170  48.508  -16.410  51.556 0.0000000000
82171  48.504  -16.499  50.827 0.0000000000
82172  49.165  -16.196  51.418 0.0000000000
82173  49.810  -16.009  51.255 0.0000000000
82174  49.784  -16.014  51.916 0.0000000000
82175  50.905  -16.418  53.281 0.0000000000
82176  50.965  -16.123  52.703 0.0000000000
82177  51.403  -16.437  52.950 0.0000000000
82178  51.867  -16.457  52.556 0.0000000000
82179  51.788  -16.896  53.040 0.0000000000
82180  50.424  -18.336  55.143 0.0000000000
82181  50.614  -17.806  54.733 0.0000000000
82182  50.868  -18.408  54.645 0.0000000000
82184  51.591  -18.574  53.600 0.0000000000
92921  49.771  -16.223  48.349 0.0000000000
92922  50.473  -15.811  48.973 0.0000000000
92923  51.151  -15.509  49.539 0.0000000000
92924  50.599  -15.718  49.571 0.0000000000
92925  50.853  -15.662  50.253 0.0000000000
92926  50.909  -15.683  50.805 0.0000000000
95916  47.263  -22.229  58.857 0.0000000000
95917  46.935  -21.664  58.983 0.0000000000
95918  47.342  -21.495  58.648 0.0000000000
95919  47.451  -20.759  58.389 0.0000000000
95920  47.538  -20.092  58.134 0.0000000000
95921  47.653  -19.432  57.845 0.0000000000
95922  47.991  -19.966  57.889 0.0000000000
95923  48.439  -19.864  57.608 0.0000000000
95924  48.893  -19.804  57.166 0.0000000000
95925  49.292  -19.668  56.740 0.0000000000
95926  49.123  -20.422  56.914 0.0000000000
95927  49.233  -21.067  56.596 0.0000000000
100208  53.142  -16.210  50.737 0.0000000000
100210  53.381  -16.788  50.801 0.0000000000
100211  53.414  -17.447  50.697 0.0000000000
100212  53.309  -18.107  50.537 0.0000000000
100214  53.108  -18.556  50.735 0.0000000000
109165  44.419  -18.301  47.142 0.0000000000
109166  45.148  -17.931  48.212 0.0000000000
109167  45.781  -17.582  49.134 0.0000000000
109200  47.712  -17.366  55.617 0.0000000000
109201  47.215  -17.353  54.899 0.0000000000
109202  47.694  -17.066  54.819 0.0000000000
109203  47.622  -16.857  54.047 0.0000000000
109204  47.556  -16.767  53.260 0.0000000000
109205  47.444  -16.712  52.542 0.0000000000
109206  48.099  -16.556  53.218 0.0000000000
109207  48.614  -16.388  53.041 0.0000000000
109208  49.188  -16.235  52.838 0.0000000000
109209  49.808  -16.099  52.623 0.0000000000
109210  49.797  -16.242  53.305 0.0000000000
109211  50.341  -16.409  53.631 0.0000000000
109212  50.810  -16.801  53.822 0.0000000000
109213  50.706  -19.606  54.582 0.0000000000
109214  50.980  -19.040  54.379 0.0000000000
109215  50.995  -19.678  53.998 0.0000000000
116979  52.638  -15.385  49.600 0.0000000000
116980  52.777  -15.507  50.102 0.0000000000
116981  51.788  -15.411  49.992 0.0000000000
116982  52.342  -15.461  50.315 0.0000000000
116983  52.801  -15.759  50.549 0.0000000000
116984  52.810  -16.072  51.009 0.0000000000
116985  52.819  -16.434  51.391 0.0000000000
116986  52.724  -16.743  51.733 0.0000000000
123965  46.534  -21.260  58.903 0.0000000000
123973  46.883  -18.467  56.472 0.0000000000
123974  47.318  -18.131  56.429 0.0000000000
123975  47.732  -18.876  57.398 0.0000000000
123976  47.776  -18.334  56.905 0.0000000000
123977  47.814  -17.835  56.321 0.0000000000
123978  48.272  -17.587  56.107 0.0000000000
123979  48.749  -17.412  55.842 0.0000000000
123980  49.233  -17.312  55.505 0.0000000000
123981  49.746  -17.249  55.122 0.0000000000
123982  49.685  -17.788  55.630 0.0000000000
123983  50.019  -18.341  55.613 0.0000000000
123984  50.281  -18.930  55.441 0.0000000000
123985  49.697  -19.613  56.247 0.0000000000
123986  50.072  -19.572  55.754 0.0000000000
123987  50.432  -19.576  55.141 0.0000000000
123988  50.398  -20.245  54.739 0.0000000000
133467  53.519  -18.268  48.275 0.0000000000
133468  53.251  -18.652  48.466 0.0000000000
133475  53.692  -17.760  49.253 0.0000000000
133476  53.358  -18.415  48.954 0.0000000000
133477  52.955  -19.129  48.597 0.0000000000
140236  48.257  -16.969  48.356 0.0000000000
151766  47.024  -17.720  47.606 0.0000000000
151767  47.687  -17.238  48.424 0.0000000000
151768  48.314  -16.811  49.197 0.0000000000
151835  46.631  -17.429  54.028 0.0000000000
151841  45.225  -17.559  49.785 0.0000000000
151842  45.835  -17.353  49.980 0.0000000000
151843  46.480  -17.186  50.105 0.0000000000
151844  47.294  -16.799  51.717 0.0000000000
151845  47.229  -16.889  50.959 0.0000000000
151846  47.119  -17.022  50.149 0.0000000000
151847  47.778  -16.847  50.134 0.0000000000
151848  48.399  -16.635  50.023 0.0000000000
151849  49.016  -16.406  49.878 0.0000000000
151850  49.661  -16.086  50.445 0.0000000000
151851  50.369  -15.838  51.024 0.0000000000
151852  50.949  -15.753  51.464 0.0000000000
151853  50.471  -15.978  52.399 0.0000000000
151854  50.982  -15.889  52.090 0.0000000000
151855  51.529  -15.867  51.771 0.0000000000
151856  51.999  -16.139  52.006 0.0000000000
151857  52.329  -16.560  52.130 0.0000000000
151858  52.574  -17.148  52.138 0.0000000000
151859  50.230  -17.265  54.710 0.0000000000
151860  50.712  -17.297  54.301 0.0000000000
151861  51.218  -17.341  53.821 0.0000000000
151862  51.229  -18.487  54.122 0.0000000000
151863  51.474  -17.945  53.743 0.0000000000
151864  51.699  -17.414  53.375 0.0000000000
151865  52.068  -17.527  52.958 0.0000000000
151866  52.397  -17.690  52.533 0.0000000000
151867  52.690  -17.857  52.063 0.0000000000
