#!ascii label  , from subject fsaverage vox2ras=TkReg coords=white
342
238  41.470  -26.417  59.316 0.0000000000
1070  44.207  -28.986  61.308 0.0000000000
1071  45.051  -23.127  60.159 0.0000000000
1578  37.090  -27.013  50.962 0.0000000000
1580  40.656  -29.743  63.719 0.0000000000
2991  45.619  -28.474  59.335 0.0000000000
3590  37.424  -31.841  65.539 0.0000000000
3591  38.505  -30.054  63.999 0.0000000000
3592  39.524  -32.098  64.222 0.0000000000
3593  41.290  -32.164  62.577 0.0000000000
4645  39.595  -26.931  55.198 0.0000000000
4647  41.985  -25.229  56.450 0.0000000000
4649  45.432  -21.129  58.294 0.0000000000
4650  47.205  -19.678  58.005 0.0000000000
5901  35.715  -33.541  65.444 0.0000000000
6532  42.922  -26.751  62.056 0.0000000000
6533  43.228  -24.639  59.940 0.0000000000
6534  44.812  -25.954  61.109 0.0000000000
7518  35.123  -27.237  47.468 0.0000000000
7524  41.044  -27.620  62.020 0.0000000000
7525  42.515  -29.476  62.796 0.0000000000
7526  42.791  -31.822  60.530 0.0000000000
8900  43.798  -23.109  57.593 0.0000000000
11271  38.498  -31.978  64.908 0.0000000000
12325  40.750  -26.810  57.318 0.0000000000
12326  40.910  -26.170  55.828 0.0000000000
12327  41.798  -25.894  57.892 0.0000000000
12331  48.102  -19.296  57.592 0.0000000000
13673  35.591  -32.444  66.516 0.0000000000
13674  34.734  -33.355  66.227 0.0000000000
13675  34.608  -34.071  65.067 0.0000000000
14725  43.699  -27.735  62.061 0.0000000000
14726  43.897  -26.291  61.710 0.0000000000
14727  44.611  -27.474  61.300 0.0000000000
14729  46.197  -26.913  59.473 0.0000000000
16528  39.607  -29.851  63.934 0.0000000000
16531  40.169  -28.243  61.624 0.0000000000
16532  40.918  -28.611  62.956 0.0000000000
16533  41.880  -28.298  62.913 0.0000000000
16534  41.631  -29.651  63.328 0.0000000000
16536  42.068  -32.041  61.608 0.0000000000
19690  35.994  -27.201  49.003 0.0000000000
19691  36.352  -26.731  47.766 0.0000000000
19692  37.181  -26.602  49.445 0.0000000000
19698  44.112  -23.781  60.183 0.0000000000
19699  43.489  -23.834  58.731 0.0000000000
19700  44.321  -22.876  59.159 0.0000000000
19701  45.655  -20.234  57.015 0.0000000000
19702  44.954  -21.302  56.769 0.0000000000
23812  44.346  -30.197  60.050 0.0000000000
23813  45.025  -28.724  60.324 0.0000000000
24892  36.915  -30.803  65.312 0.0000000000
24893  37.344  -30.222  64.034 0.0000000000
24894  38.056  -30.829  64.998 0.0000000000
24895  39.173  -30.887  64.626 0.0000000000
24896  40.243  -30.955  64.140 0.0000000000
24897  41.157  -30.965  63.522 0.0000000000
24898  40.500  -32.210  63.441 0.0000000000
26791  38.319  -26.923  53.119 0.0000000000
26792  38.242  -26.345  51.476 0.0000000000
26793  39.614  -26.235  53.688 0.0000000000
26794  40.960  -25.466  54.326 0.0000000000
26795  42.151  -24.551  54.990 0.0000000000
26797  45.207  -22.091  59.335 0.0000000000
26799  46.303  -20.364  58.180 0.0000000000
26800  46.455  -19.295  57.125 0.0000000000
26802  47.266  -18.586  57.044 0.0000000000
29125  36.334  -31.662  66.058 0.0000000000
29126  36.651  -32.814  65.702 0.0000000000
30598  42.148  -26.218  61.064 0.0000000000
30599  42.351  -25.529  59.702 0.0000000000
30600  43.092  -25.590  61.122 0.0000000000
30601  43.995  -24.978  61.038 0.0000000000
30602  44.910  -24.447  60.718 0.0000000000
30603  45.488  -27.210  60.377 0.0000000000
30604  45.739  -25.660  60.350 0.0000000000
33025  38.320  -27.619  54.527 0.0000000000
33026  39.670  -27.542  56.615 0.0000000000
33027  40.518  -27.296  58.732 0.0000000000
33035  40.339  -27.709  60.251 0.0000000000
33036  41.152  -26.903  60.731 0.0000000000
33037  41.986  -27.104  62.115 0.0000000000
33038  42.787  -27.954  62.649 0.0000000000
33039  43.379  -29.251  62.104 0.0000000000
33040  41.994  -30.917  62.754 0.0000000000
33041  42.868  -30.716  61.869 0.0000000000
33042  43.668  -30.527  60.948 0.0000000000
33043  43.368  -31.525  59.538 0.0000000000
36935  35.480  -26.634  46.450 0.0000000000
36944  42.689  -24.892  58.327 0.0000000000
36945  42.925  -24.191  57.038 0.0000000000
36946  43.220  -23.560  55.658 0.0000000000
36947  44.623  -22.039  58.116 0.0000000000
36948  44.177  -22.405  56.358 0.0000000000
43045  41.170  -26.612  58.356 0.0000000000
43046  41.351  -26.358  57.598 0.0000000000
43047  41.654  -26.170  58.588 0.0000000000
44395  34.251  -33.655  66.057 0.0000000000
45445  44.011  -28.381  61.781 0.0000000000
45446  44.133  -27.606  61.722 0.0000000000
45447  44.426  -28.258  61.320 0.0000000000
47248  40.109  -29.758  63.828 0.0000000000
47249  39.768  -29.396  63.398 0.0000000000
47250  40.274  -29.246  63.412 0.0000000000
47251  40.401  -28.735  62.923 0.0000000000
47252  40.798  -29.179  63.371 0.0000000000
47253  41.289  -29.084  63.275 0.0000000000
47254  41.165  -29.724  63.525 0.0000000000
50410  36.518  -27.113  49.995 0.0000000000
50411  36.574  -26.915  49.211 0.0000000000
50412  37.087  -26.800  50.164 0.0000000000
50418  44.595  -23.424  60.213 0.0000000000
50419  44.240  -23.277  59.698 0.0000000000
50420  44.671  -22.907  59.755 0.0000000000
56845  37.223  -31.307  65.526 0.0000000000
56846  37.497  -30.823  65.130 0.0000000000
56847  37.768  -31.328  65.308 0.0000000000
56848  39.036  -32.013  64.603 0.0000000000
56849  38.859  -31.434  64.812 0.0000000000
56850  39.385  -31.459  64.561 0.0000000000
56851  39.702  -30.918  64.413 0.0000000000
56852  39.909  -31.553  64.206 0.0000000000
56853  40.435  -31.584  63.878 0.0000000000
56854  40.009  -32.176  63.819 0.0000000000
60010  38.980  -26.952  54.161 0.0000000000
60011  38.960  -26.600  53.373 0.0000000000
60012  39.648  -26.593  54.455 0.0000000000
60013  41.447  -25.712  56.106 0.0000000000
60014  40.863  -25.832  55.004 0.0000000000
60015  41.514  -25.361  55.402 0.0000000000
60016  41.546  -25.040  54.625 0.0000000000
60017  42.071  -24.905  55.699 0.0000000000
60023  46.747  -19.998  58.119 0.0000000000
60024  46.399  -19.815  57.704 0.0000000000
60025  46.849  -19.436  57.664 0.0000000000
60026  46.843  -18.926  57.100 0.0000000000
60027  47.250  -19.134  57.567 0.0000000000
60029  48.229  -18.690  57.170 0.0000000000
64055  35.708  -33.065  66.069 0.0000000000
64056  36.144  -32.636  66.075 0.0000000000
64057  36.211  -33.175  65.619 0.0000000000
67210  42.507  -26.388  61.664 0.0000000000
67211  42.635  -25.923  61.140 0.0000000000
67212  43.031  -26.121  61.612 0.0000000000
67213  44.341  -26.101  61.433 0.0000000000
67214  43.946  -25.610  61.454 0.0000000000
67215  44.425  -25.409  61.167 0.0000000000
67216  44.476  -24.737  60.889 0.0000000000
67217  44.910  -25.218  60.912 0.0000000000
67218  45.349  -28.569  59.868 0.0000000000
67219  45.292  -27.977  60.410 0.0000000000
67220  45.633  -27.849  59.892 0.0000000000
67222  46.036  -26.301  59.959 0.0000000000
72606  39.028  -27.930  56.263 0.0000000000
72607  39.592  -27.819  57.315 0.0000000000
72608  40.130  -27.464  57.645 0.0000000000
72609  40.047  -27.676  58.443 0.0000000000
72618  37.953  -30.127  64.085 0.0000000000
72619  37.538  -30.065  63.286 0.0000000000
72620  38.110  -29.924  63.317 0.0000000000
72628  40.606  -27.952  61.822 0.0000000000
72629  40.271  -27.975  60.933 0.0000000000
72630  40.685  -27.596  61.161 0.0000000000
72631  40.743  -27.306  60.530 0.0000000000
72632  41.071  -27.178  61.408 0.0000000000
72633  41.529  -26.930  61.516 0.0000000000
72634  41.485  -27.340  62.099 0.0000000000
72635  42.218  -28.851  62.977 0.0000000000
72636  42.324  -28.136  62.792 0.0000000000
72637  42.676  -28.730  62.741 0.0000000000
72638  43.125  -28.611  62.455 0.0000000000
72639  42.979  -29.381  62.481 0.0000000000
72640  41.269  -31.612  63.110 0.0000000000
72641  41.570  -30.931  63.202 0.0000000000
72642  41.687  -31.562  62.733 0.0000000000
72643  42.479  -31.973  61.049 0.0000000000
72644  42.489  -31.442  61.736 0.0000000000
72645  42.902  -31.314  61.224 0.0000000000
72646  43.273  -30.641  61.387 0.0000000000
72647  43.246  -31.229  60.718 0.0000000000
72648  43.568  -31.097  60.273 0.0000000000
72649  43.092  -31.702  60.036 0.0000000000
82105  34.729  -27.117  46.859 0.0000000000
82106  34.895  -26.784  46.402 0.0000000000
82107  35.302  -26.942  46.928 0.0000000000
82113  39.017  -25.983  51.874 0.0000000000
82128  42.808  -25.082  59.830 0.0000000000
82129  42.533  -25.218  59.038 0.0000000000
82130  42.946  -24.699  59.194 0.0000000000
82131  43.660  -23.441  58.157 0.0000000000
82132  43.227  -24.009  57.896 0.0000000000
82133  43.372  -23.625  57.323 0.0000000000
82134  43.072  -23.874  56.381 0.0000000000
82135  43.545  -23.316  56.697 0.0000000000
82136  45.338  -21.584  58.877 0.0000000000
82137  44.902  -22.007  58.812 0.0000000000
82138  45.048  -21.553  58.257 0.0000000000
82140  44.569  -21.856  56.612 0.0000000000
94013  37.934  -31.912  65.256 0.0000000000
95911  40.227  -26.870  56.283 0.0000000000
95912  40.266  -26.562  55.489 0.0000000000
95913  40.859  -26.486  56.543 0.0000000000
95914  41.391  -26.059  56.820 0.0000000000
95915  41.910  -25.584  57.131 0.0000000000
95921  47.653  -19.432  57.845 0.0000000000
98339  35.204  -32.937  66.391 0.0000000000
98340  35.218  -33.445  65.842 0.0000000000
98341  35.159  -33.810  65.261 0.0000000000
98342  34.683  -33.750  65.680 0.0000000000
98343  34.196  -34.022  65.426 0.0000000000
100231  43.336  -27.196  62.153 0.0000000000
100232  43.432  -26.516  61.897 0.0000000000
100233  43.823  -27.032  61.915 0.0000000000
100234  44.271  -26.865  61.622 0.0000000000
100235  44.737  -26.697  61.254 0.0000000000
100236  45.898  -28.249  58.857 0.0000000000
100237  45.949  -27.663  59.413 0.0000000000
100238  46.182  -27.515  58.883 0.0000000000
103476  39.063  -29.925  64.015 0.0000000000
103477  38.683  -29.752  63.363 0.0000000000
103478  39.265  -29.550  63.437 0.0000000000
103483  40.539  -28.327  62.404 0.0000000000
103484  40.989  -28.113  62.500 0.0000000000
103485  41.477  -27.852  62.640 0.0000000000
103486  41.395  -28.462  62.967 0.0000000000
103487  41.768  -29.015  63.145 0.0000000000
103488  42.083  -29.600  63.045 0.0000000000
103490  41.686  -32.119  62.105 0.0000000000
109168  35.538  -27.250  48.174 0.0000000000
109169  35.696  -27.007  47.576 0.0000000000
109170  36.109  -26.998  48.330 0.0000000000
109171  36.685  -26.717  48.499 0.0000000000
109182  43.651  -24.217  60.069 0.0000000000
109183  43.371  -24.186  59.395 0.0000000000
109184  43.774  -23.692  59.557 0.0000000000
109185  43.911  -23.342  58.933 0.0000000000
109186  44.051  -22.937  58.429 0.0000000000
109187  45.576  -20.652  57.649 0.0000000000
109188  45.182  -21.165  57.587 0.0000000000
109189  45.299  -20.765  56.892 0.0000000000
116998  44.328  -29.611  60.718 0.0000000000
116999  44.623  -28.868  60.803 0.0000000000
117000  44.721  -29.511  60.206 0.0000000000
119520  37.150  -30.467  64.733 0.0000000000
119521  37.726  -30.437  64.674 0.0000000000
119522  38.306  -30.418  64.581 0.0000000000
119523  38.322  -31.407  65.058 0.0000000000
119524  38.614  -30.867  64.802 0.0000000000
119525  38.862  -30.392  64.450 0.0000000000
119526  39.408  -30.345  64.367 0.0000000000
119527  39.940  -30.354  64.175 0.0000000000
119528  40.441  -30.321  64.003 0.0000000000
119529  40.958  -30.315  63.732 0.0000000000
119530  40.753  -30.980  63.861 0.0000000000
119531  40.868  -31.640  63.504 0.0000000000
119532  40.880  -32.200  63.021 0.0000000000
123949  37.699  -26.937  52.055 0.0000000000
123950  37.666  -26.676  51.197 0.0000000000
123951  38.302  -26.583  52.327 0.0000000000
123952  38.952  -26.247  52.657 0.0000000000
123953  39.622  -25.901  52.924 0.0000000000
123954  40.225  -26.216  54.690 0.0000000000
123955  40.293  -25.863  53.989 0.0000000000
123961  45.109  -22.575  59.713 0.0000000000
123967  45.861  -20.725  58.255 0.0000000000
123968  45.977  -20.218  57.706 0.0000000000
123969  46.042  -19.754  57.110 0.0000000000
123975  47.732  -18.876  57.398 0.0000000000
123976  47.776  -18.334  56.905 0.0000000000
129518  36.623  -31.198  65.734 0.0000000000
129519  36.907  -31.761  65.810 0.0000000000
129520  36.010  -32.114  66.318 0.0000000000
129521  36.535  -32.253  65.985 0.0000000000
129522  37.055  -32.332  65.670 0.0000000000
133516  41.799  -26.264  60.262 0.0000000000
133517  41.934  -25.976  59.534 0.0000000000
133518  42.258  -25.848  60.419 0.0000000000
133519  42.715  -25.475  60.514 0.0000000000
133520  43.143  -25.097  60.558 0.0000000000
133521  43.499  -25.849  61.505 0.0000000000
133522  43.522  -25.269  61.092 0.0000000000
133523  43.579  -24.717  60.607 0.0000000000
133524  44.048  -24.355  60.604 0.0000000000
133525  44.484  -24.025  60.556 0.0000000000
133526  44.970  -23.716  60.470 0.0000000000
133527  44.884  -28.109  60.864 0.0000000000
133528  45.073  -27.346  60.866 0.0000000000
133529  45.203  -26.567  60.846 0.0000000000
133530  45.883  -27.071  59.921 0.0000000000
133531  45.643  -26.463  60.382 0.0000000000
133532  45.309  -25.824  60.750 0.0000000000
133533  45.374  -24.977  60.655 0.0000000000
140258  38.289  -27.285  53.832 0.0000000000
140259  38.962  -27.279  54.881 0.0000000000
140261  39.002  -27.597  55.512 0.0000000000
140262  39.620  -27.229  55.931 0.0000000000
140263  40.219  -27.165  56.981 0.0000000000
140264  40.672  -27.054  58.026 0.0000000000
140265  41.048  -26.846  59.168 0.0000000000
140287  39.833  -28.408  60.626 0.0000000000
140288  39.941  -28.123  59.955 0.0000000000
140289  40.001  -27.874  59.283 0.0000000000
140290  40.433  -27.478  59.558 0.0000000000
140291  40.874  -27.074  59.807 0.0000000000
140292  41.354  -26.654  60.110 0.0000000000
140293  41.673  -26.541  60.946 0.0000000000
140294  42.025  -26.636  61.613 0.0000000000
140295  42.473  -26.868  62.129 0.0000000000
140296  41.898  -27.650  62.591 0.0000000000
140297  42.396  -27.437  62.504 0.0000000000
140298  42.857  -27.295  62.368 0.0000000000
140299  43.244  -27.817  62.380 0.0000000000
140300  43.569  -28.481  62.131 0.0000000000
140301  43.795  -29.110  61.728 0.0000000000
140302  41.414  -30.306  63.459 0.0000000000
140303  41.857  -30.312  63.140 0.0000000000
140304  42.311  -30.247  62.747 0.0000000000
140305  42.073  -31.515  62.232 0.0000000000
140306  42.448  -30.849  62.304 0.0000000000
140307  42.737  -30.127  62.427 0.0000000000
140308  43.180  -30.021  61.998 0.0000000000
140309  43.573  -29.916  61.575 0.0000000000
140310  43.971  -29.758  61.162 0.0000000000
140311  44.032  -30.389  60.474 0.0000000000
140312  43.914  -30.934  59.751 0.0000000000
151772  35.875  -26.742  47.060 0.0000000000
151778  37.712  -26.477  50.446 0.0000000000
151796  42.113  -25.699  58.863 0.0000000000
151797  42.270  -25.414  58.125 0.0000000000
151798  42.400  -25.084  57.440 0.0000000000
151799  43.087  -24.366  58.554 0.0000000000
151800  42.795  -24.605  57.669 0.0000000000
151801  42.487  -24.751  56.717 0.0000000000
151802  42.607  -24.415  56.024 0.0000000000
151803  42.710  -24.109  55.293 0.0000000000
151805  44.762  -22.463  59.253 0.0000000000
151806  44.473  -22.458  58.614 0.0000000000
151807  44.196  -22.542  57.889 0.0000000000
151808  44.793  -21.672  57.478 0.0000000000
151809  44.400  -22.197  57.254 0.0000000000
151810  43.989  -22.746  57.022 0.0000000000
151811  43.707  -22.997  56.030 0.0000000000
